imu_calibration:
  accel_bias:
    x: 0.05517221290000005
    y: -0.03491167399999996
    z: -0.044581030899975005
  gyro_bias:
    x: 0.005675999999999954
    y: -0.0014820000000000011
    z: -0.0009840000000000007
  num_samples: 500
